
[-0.8912799   0.9        -0.3594756   0.20874831  0.00411902  0.08142651
  0.          0.          2.          2.        ]	LEFT
[ 0.61478084  0.9        -0.18425979 -0.47361115  0.00211455  0.04173758
  0.          0.         -0.27283856 -0.82153034]	LEFT
[ 0.69376576  0.9         0.19525304  0.2721323  -0.00222709 -0.04422777
  0.          0.          0.32917872 -1.1861379 ]	LEFT
[ 0.4562461   0.9        -0.7246605  -0.28567028  0.00829674  0.16414645
  0.          0.         -0.38202932 -0.6530282 ]	LEFT
[ 0.5087955   0.9        -0.28322613  0.3340619   0.00324673  0.06415503
  0.          0.          0.13912754 -0.893682  ]	LEFT
[-7.4856478e-01  8.9999998e-01 -5.5786252e-02 -1.0099270e-01
  6.4482528e-04  1.2636411e-02  0.0000000e+00  0.0000000e+00
  2.0000000e+00 -2.0000000e+00]	LEFT
[-0.30898035  0.9        -0.7091733   0.00787024  0.00811956  0.16063848
  0.          0.          2.         -2.        ]	LEFT
[-0.44954607  0.9        -0.2648757   0.35203737  0.00303679  0.05999835
  0.          0.         -2.         -2.        ]	LEFT
[ 0.31354192  0.9        -0.46222705  0.11343856  0.0052945   0.10470128
  0.          0.         -0.23083527 -0.6052784 ]	LEFT
[-0.1102554   0.9         0.3223036   0.23451462 -0.00368054 -0.07300655
  0.          0.         -2.          2.        ]	LEFT
[ 1.8566807e-01  8.9999998e-01 -2.8507510e-02 -8.2334481e-02
  3.3272229e-04  6.4573660e-03  0.0000000e+00  0.0000000e+00
 -1.6639815e-01 -7.5195903e-01]	LEFT
[-0.02584589  0.9         0.4937296  -0.28303576 -0.00564166 -0.11183717
  0.          0.          0.7242544  -1.2721083 ]	LEFT
[-0.16739532  0.9         0.329961    0.12147136 -0.00376816 -0.0747411
  0.          0.         -1.255536   -0.8197626 ]	LEFT
[ 0.36095962  0.9        -0.7561582  -0.02668846  0.00865707  0.1712811
  0.          0.         -0.3406895  -0.6064492 ]	LEFT
[-0.77768487  0.9         0.4991653  -0.30679828 -0.00570383 -0.1130684
  0.          0.         -2.          2.        ]	LEFT
[ 0.6372618   0.9        -0.66358817 -0.11937543  0.00759809  0.15031274
  0.          0.         -0.27954686 -0.73361236]	LEFT
[ 0.9753944   0.9         0.5151904  -0.4081408  -0.00588717 -0.11669825
  0.          0.          0.17836715 -1.3541285 ]	LEFT
[ 0.421959    0.9        -0.51121026  0.23644081  0.00585485  0.11579659
  0.          0.         -0.12078015 -0.6694659 ]	LEFT
[-6.1490661e-01  8.9999998e-01  3.2749500e-02 -1.6805595e-01
 -3.6803199e-04 -7.4182525e-03  0.0000000e+00  0.0000000e+00
 -2.0000000e+00 -2.0000000e+00]	LEFT
[ 0.27271965  0.9        -0.7433468  -0.1421147   0.00851054  0.16837922
  0.          0.         -0.39824134 -0.580007  ]	LEFT
[ 0.1359139   0.9        -0.10216989  0.04388357  0.00117542  0.02314302
  0.          0.         -0.09592603 -0.72903   ]	LEFT
[-0.16983289  0.9        -0.34838948  0.091799    0.00399219  0.07891541
  0.          0.          2.         -2.        ]	LEFT
[-0.81114244  0.9         0.39717093  0.00361352 -0.00453704 -0.08996523
  0.          0.         -0.2345618   2.        ]	LEFT
[ 0.20966913  0.9        -0.23520139  0.3473547   0.00269733  0.0532766
  0.          0.          0.6414507  -0.4067831 ]	LEFT
[-0.67150754  0.9         0.67345154  0.102819   -0.0076977  -0.15254693
  0.          0.          2.         -2.        ]	LEFT
[ 2.1988505e-02  8.9999998e-01  4.4892620e-02  4.6970093e-01
 -5.0695578e-04 -1.0168834e-02  0.0000000e+00  0.0000000e+00
  2.0000000e+00  2.0000000e+00]	LEFT
[ 0.4880014   0.9        -0.23875248  0.5000062   0.00273795  0.05408101
  0.          0.         -0.03889722 -0.8090073 ]	LEFT
[-0.8350068   0.9        -0.27823147  0.1063319   0.00318956  0.0630236
  0.          0.         -2.         -2.        ]	LEFT
[ 0.8843622   0.9         0.3490507   0.01886178 -0.00398654 -0.07906518
  0.          0.          0.32435787 -1.2890934 ]	LEFT
[-0.9884335   0.9         0.2869621   0.06934825 -0.00327625 -0.0650012
  0.          0.         -1.3760021   2.        ]	LEFT
[-0.26498097  0.9         0.24061477 -0.07294244 -0.00274602 -0.05450288
  0.          0.         -0.48826563 -2.        ]	LEFT
[-0.02521895  0.9        -0.6598343  -0.26508448  0.00755514  0.14946228
  0.          0.         -0.40602636 -0.5114987 ]	LEFT
[-2.0824206e-01  8.9999998e-01  5.7508461e-02 -2.6964855e-01
 -6.5128121e-04 -1.3026545e-02  0.0000000e+00  0.0000000e+00
  3.9904457e-01 -9.8880583e-01]	LEFT
[-0.78405553  0.9        -0.6335225   0.3345661   0.00725414  0.14350235
  0.          0.          2.         -2.        ]	LEFT
[ 0.7607867   0.9        -0.10207884 -0.262377    0.0011744   0.02312239
  0.          0.         -0.14306432 -0.91974187]	LEFT
[-0.09675293  0.9         0.20838661  0.5081258  -0.00237733 -0.04720274
  0.          0.          1.3758869  -2.        ]	LEFT
[ 0.4456279   0.9        -0.69389135  0.4866912   0.00794475  0.15717682
  0.          0.         -0.3025037   1.3192787 ]	LEFT
[ 0.86618894  0.9         0.55549455  0.2544531  -0.00634828 -0.12582788
  0.          0.          0.84235775 -1.2599188 ]	LEFT
[-0.10402668  0.9         0.7122539  -0.08303802 -0.00814159 -0.16133636
  0.          0.          2.         -0.8649072 ]	LEFT
[ 0.05282083  0.9        -0.10265113 -0.40888703  0.00118093  0.02325205
  0.          0.         -0.2915336  -0.72075325]	LEFT
[ 0.0671578   0.9        -0.4558981   0.5007731   0.00522207  0.10326761
  0.          0.         -2.         -2.        ]	LEFT
[-0.42548314  0.9        -0.37722257  0.24383667  0.00432205  0.08544659
  0.          0.          2.         -2.        ]	LEFT
[-0.25171325  0.9        -0.37361172 -0.1077802   0.00428072  0.08462851
  0.          0.          2.         -2.        ]	LEFT
[ 0.45370665  0.9        -0.58970475  0.3042278   0.00675284  0.13357696
  0.          0.         -0.11930469 -0.7369452 ]	LEFT
[-0.2910755   0.9        -0.7746586  -0.11980999  0.00886874  0.17547178
  0.          0.          2.         -2.        ]	LEFT
[-0.8658311   0.9         0.40123576 -0.4436308  -0.00458355 -0.0908859
  0.          0.          2.         -2.        ]	LEFT
[ 0.14530429  0.9         0.15244332 -0.18731256 -0.00173733 -0.03453069
  0.          0.         -0.00192473 -0.88467747]	LEFT
[ 0.44648442  0.9         0.67366654  0.20587538 -0.00770015 -0.15259545
  0.          0.          0.7147174  -1.2543889 ]	LEFT
[ 0.57599443  0.9         0.38400477 -0.24621558 -0.0043864  -0.08698273
  0.          0.          0.12051347 -1.1590441 ]	LEFT
[-0.9945773   0.9         0.2549022  -0.05174462 -0.00290947 -0.05773909
  0.          0.         -2.          2.        ]	LEFT
[ 4.6601504e-01  8.9999998e-01  7.7749804e-02 -4.5040756e-01
 -8.8285416e-04 -1.7611504e-02  0.0000000e+00  0.0000000e+00
 -1.7499328e-01 -8.8883823e-01]	LEFT
[ 0.7326592   0.9         0.7896666  -0.30460435 -0.0090272  -0.17887115
  0.          0.          0.40168607 -1.4936415 ]	LEFT
[ 0.83086133  0.9        -0.18813732 -0.30867025  0.00215889  0.04261591
  0.          0.         -0.17197423 -0.90624315]	LEFT
[ 0.7504237   0.9        -0.565825   -0.03484929  0.00647967  0.12816754
  0.          0.         -0.18964317 -0.78995883]	LEFT
[-0.64455485  0.9        -0.23577623 -0.37979254  0.0027039   0.0534067
  0.          0.         -2.          2.        ]	LEFT
[ 0.6498723   0.9        -0.12887363 -0.4043932   0.00148093  0.02919183
  0.          0.         -0.2332586  -0.8497579 ]	LEFT
[-0.10281431  0.9        -0.13244823 -0.42867482  0.00152181  0.03000147
  0.          0.         -0.20885146 -0.7759529 ]	LEFT
[-0.125566    0.9         0.23098107 -0.41807833 -0.0026358  -0.05232062
  0.          0.          0.36055183 -0.9923623 ]	LEFT
[ 0.16811067  0.9        -0.18288016  0.12906949  0.00209877  0.0414251
  0.          0.         -0.11121366 -0.6616413 ]	LEFT
[ 0.00227709  0.9         0.5760305  -0.40287426 -0.00658316 -0.13047953
  0.          0.          0.61511034 -1.3066837 ]	LEFT
[ 0.7270143   0.9        -0.78520024  0.13862166  0.00898929  0.1778595
  0.          0.         -0.12649447 -0.8061602 ]	LEFT
[ 5.1879846e-02  8.9999998e-01  3.6497116e-02  1.8965003e-01
 -4.1089897e-04 -8.2671437e-03  0.0000000e+00  0.0000000e+00
 -3.5506725e-02 -3.2145545e-01]	LEFT
[-0.9039039   0.9         0.33421576 -0.29018077 -0.00381682 -0.07570474
  0.          0.          2.         -2.        ]	LEFT
[-1.2042655e-01  8.9999998e-01 -6.8413429e-02  4.4640288e-01
  7.8927650e-04  1.5496667e-02  0.0000000e+00  0.0000000e+00
 -2.0000000e+00 -2.0000000e+00]	LEFT
[-0.5191915   0.9        -0.21041253 -0.3836375   0.00241371  0.0476615
  0.          0.          2.          2.        ]	LEFT
[-6.3296115e-01  8.9999998e-01  1.1739270e-01  6.8932310e-02
 -1.3363831e-03 -2.6591208e-02  0.0000000e+00  0.0000000e+00
 -2.0000000e+00  2.0000000e+00]	LEFT
[ 0.00932808  0.9        -0.7932335  -0.27411407  0.00908123  0.17967926
  0.          0.         -0.42549726 -0.53315485]	LEFT
[-0.68957627  0.9        -0.78352964 -0.51352227  0.00897022  0.17748111
  0.          0.         -2.          2.        ]	LEFT
[ 0.04598261  0.9        -0.257521    0.04588546  0.00295265  0.05833234
  0.          0.         -0.2571808  -0.56527627]	LEFT
[-0.95075333  0.9        -0.53004175  0.37848788  0.0060703   0.12006243
  0.          0.          2.         -2.        ]	LEFT
[ 0.05487872  0.9        -0.3998473  -0.40777957  0.00458086  0.09057127
  0.          0.         -0.4506143  -0.59201044]	LEFT
[-0.5152924   0.9        -0.5722126  -0.21784392  0.00655273  0.12961483
  0.          0.          2.          2.        ]	LEFT
[ 0.80590546  0.9        -0.2745994   0.07805923  0.00314803  0.06220092
  0.          0.         -0.02595372 -0.9111809 ]	LEFT
[ 0.06513279  0.9         0.3451163  -0.09600957 -0.00394154 -0.07817394
  0.          0.          0.37179554 -1.0172017 ]	LEFT
[-0.7007355   0.9        -0.44637576  0.44285613  0.00511317  0.10111078
  0.          0.          2.         -2.        ]	LEFT
[-0.76795423  0.9         0.35418585  0.43152478 -0.00404527 -0.08022843
  0.          0.          2.         -2.        ]	LEFT
[ 0.52841604  0.9        -0.680233    0.15916266  0.0077885   0.15408297
  0.          0.         -0.17606951 -0.7227923 ]	LEFT
[-0.4162683   0.9         0.68793964  0.28886378 -0.00786342 -0.15582871
  0.          0.          2.         -2.        ]	LEFT
[ 0.06471411  0.9         0.73454314 -0.12977318 -0.00839654 -0.1663849
  0.          0.          0.6487981  -0.51115894]	LEFT
[-9.6566789e-02  8.9999998e-01 -2.0271655e-02  5.5848766e-02
  2.3853636e-04  4.5918352e-03  0.0000000e+00  0.0000000e+00
  5.0314307e-01 -2.0000000e+00]	LEFT
[ 0.8881562   0.9        -0.5928391   0.457256    0.0067887   0.13428697
  0.          0.          0.22962299 -1.0015386 ]	LEFT
[-0.09260976  0.9         0.5248004  -0.4397311  -0.00599712 -0.11887505
  0.          0.          0.6549519  -1.1962894 ]	LEFT
[ 0.38328317  0.9        -0.7646748  -0.1196327   0.0087545   0.17321038
  0.          0.         -0.3709109  -0.6205319 ]	LEFT
[-4.1668406e-01  8.9999998e-01 -7.0701383e-02  2.2490129e-01
  8.1544428e-04  1.6014908e-02  0.0000000e+00  0.0000000e+00
  2.0000000e+00 -2.0000000e+00]	LEFT
[ 0.25697923  0.9         0.5791906   0.10749975 -0.00661932 -0.13119525
  0.          0.          0.8045536  -1.3113858 ]	LEFT
[ 1.5962978e-01  8.9999998e-01 -3.2334976e-02  2.0270711e-01
  3.7652664e-04  7.3243501e-03  0.0000000e+00  0.0000000e+00
  2.9286698e-02 -7.8290772e-01]	LEFT
[ 0.86526924  0.9         0.7752671  -0.553238   -0.00886245 -0.17560948
  0.          0.          0.2793811  -1.4423845 ]	LEFT
[-0.8617905   0.9         0.63688225 -0.31886667 -0.00727933 -0.14426324
  0.          0.         -2.          2.        ]	LEFT
[ 0.76842433  0.9         0.708433   -0.44714326 -0.00809789 -0.16047047
  0.          0.          0.32497746 -1.4106219 ]	LEFT
[ 0.17064832  0.9        -0.30147105 -0.28167406  0.00345544  0.06828753
  0.          0.         -0.38091362 -0.60368544]	LEFT
[ 1.2923457e-01  8.9999998e-01 -2.3769725e-02 -3.6082426e-01
  2.7852718e-04  5.3841742e-03  0.0000000e+00  0.0000000e+00
 -2.3010083e-01 -7.4071753e-01]	LEFT
[-6.4669275e-01  8.9999998e-01  1.0178946e-01 -5.7127867e-02
 -1.1578642e-03 -2.3056839e-02  0.0000000e+00  0.0000000e+00
 -2.0000000e+00 -2.0000000e+00]	LEFT
[ 0.19647296  0.9        -0.47192255  0.2571182   0.00540542  0.10689743
  0.          0.         -0.6833086  -0.2236117 ]	LEFT
[ 0.15551707  0.9         0.7553254  -0.47638    -0.00863434 -0.17109236
  0.          0.          0.6673974  -1.4767535 ]	LEFT
[ 0.69011104  0.9        -0.75446504 -0.3130874   0.00863769  0.17089751
  0.          0.         -0.326812   -0.74235725]	LEFT
[ 0.9594307   0.9        -0.12890777  0.25016472  0.00148132  0.02919954
  0.          0.          0.23925416 -1.0777272 ]	LEFT
[ 0.7426303   0.9         0.49290466  0.37966967 -0.00563223 -0.11165043
  0.          0.          0.52921385 -1.3093876 ]	LEFT
[ 0.8225929   0.9         0.30608553  0.36688435 -0.003495   -0.06933297
  0.          0.          0.28167623 -1.1918459 ]	LEFT
[ 0.625621    0.9        -0.6354741  -0.5429057   0.00727644  0.14394435
  0.          0.         -0.36886367 -0.7212081 ]	LEFT
[ 0.52812797  0.9         0.23694876  0.02076786 -0.00270407 -0.05367239
  0.          0.          0.17381684 -1.0908982 ]	LEFT